// p-mnist

***MIR
***CoPE

***Non-episodic
hidden: 100*100                        | hidden: 128*128                        | hidden: 100*128
0.8991, 0.0000, 0.0000, 0.0000, 0.0000 | 0.8962, 0.0000, 0.0000, 0.0000, 0.0000 | 0.8906, 0.0000, 0.0000, 0.0000, 0.0000
0.8671, 0.9106, 0.0000, 0.0000, 0.0000 | 0.8634, 0.9095, 0.0000, 0.0000, 0.0000 | 0.8376, 0.9095, 0.0000, 0.0000, 0.0000 
0.7875, 0.8680, 0.9146, 0.0000, 0.0000 | 0.7659, 0.8694, 0.9136, 0.0000, 0.0000 | 0.8065, 0.8885, 0.9115, 0.0000, 0.0000 
0.7485, 0.8334, 0.8778, 0.9173, 0.0000 | 0.7516, 0.8551, 0.8856, 0.9150, 0.0000 | 0.6696, 0.8025, 0.8798, 0.9163, 0.0000
0.7133, 0.7927, 0.8349, 0.8834, 0.9198 | 0.6757, 0.8377, 0.8580, 0.8484, 0.9215 | 0.6026, 0.7727, 0.8401, 0.8681, 0.9214


***Episodic+CE|10k_iter | 5-ways
S:5                                    | S:12                                   | S:39
0.8611, 0.0000, 0.0000, 0.0000, 0.0000 | 0.8611, 0.0000, 0.0000, 0.0000, 0.0000 | 0.8691, 0.0000, 0.0000, 0.0000, 0.0000 
0.8080, 0.8882, 0.0000, 0.0000, 0.0000 | 0.8222, 0.8938, 0.0000, 0.0000, 0.0000 | 0.8213, 0.8905, 0.0000, 0.0000, 0.0000
0.8004, 0.8547, 0.8973, 0.0000, 0.0000 | 0.8023, 0.8752, 0.8981, 0.0000, 0.0000 | 0.8341, 0.8658, 0.8964, 0.0000, 0.0000
0.7754, 0.8029, 0.8668, 0.8970, 0.0000 | 0.7978, 0.8536, 0.8724, 0.9021, 0.0000 | 0.8171, 0.8229, 0.8725, 0.8980, 0.0000
0.7513, 0.8115, 0.8534, 0.8489, 0.8988 | 0.7090, 0.8292, 0.8399, 0.8461, 0.9023 | 0.7290, 0.7853, 0.7991, 0.8283, 0.8965 


***Episodic+Reptile |5-ways, 5_step, 5k_iter
S:5                                    |
0.9303, 0.0000, 0.0000, 0.0000, 0.0000 | 
0.8929, 0.9449, 0.0000, 0.0000, 0.0000 | 
0.6681, 0.8774, 0.9476, 0.0000, 0.0000 |
0.6171, 0.7907, 0.9163, 0.9534, 0.0000 |

***Episodic+PT |5-ways, 15k_iter
S:5                                    | S:12  | S:39
0.9147, 0.0000, 0.0000, 0.0000, 0.0000 | 
0.8859, 0.9276, 0.0000, 0.0000, 0.0000 | 
0.8195, 0.8801, 0.9309, 0.0000, 0.0000 |
0.7223, 0.8644, 0.8788, 0.9358, 0.0000 |
0.6635, 0.8187, 0.8692, 0.8805, 0.9374 |