#########################################################
### MNIST  | MLP(100*100)
#########################################################
===================================
=== Offline batch | e_8, bs_32
===================================
S:5   | S:12  | S:50 
89.20 | 88.70 | 88.49 
# mean: 88.80 ± 0.30

===================================
=== Offline episodic | 5-ways, 30k_iter (because support set does not used)
===================================
S:5    | S:12   | S:39
0.9340 | 0.9324 | 0.9316
# mean: 93.27 ± 0.001

===================================
=== Non-episodic | e_100, bs_32
===================================
S:5                                        | S:12                                       | S:39                                       | S:50                                       | S:99
mem: Fixed 200 samples
0.9991,  0.0000,  0.0000,  0.0000,  0.0000 | 0.9986,  0.0000,  0.0000,  0.0000,  0.0000 | 1.0000,  0.0000,  0.0000,  0.0000,  0.0000 
0.8274,  0.9838,  0.0000,  0.0000,  0.0000 | 0.8298,  0.9824,  0.0000,  0.0000,  0.0000 | 0.8109,  0.9819,  0.0000,  0.0000,  0.0000 
0.7470,  0.3198,  0.9963,  0.0000,  0.0000 | 0.8033,  0.2860,  0.9963,  0.0000,  0.0000 | 0.7787,  0.3560,  0.9963,  0.0000,  0.0000 
0.7428,  0.4711,  0.4055,  0.9950,  0.0000 | 0.7645,  0.4290,  0.3879,  0.9940,  0.0000 | 0.7839,  0.4314,  0.3453,  0.9935,  0.0000
0.6520,  0.2037,  0.0539,  0.2986,  0.9839 | 0.6430,  0.1993,  0.0448,  0.2966,  0.9813 | 0.6553,  0.2796,  0.0261,  0.2900,  0.9844 
mean: 0.438                                | mean: 0.433                                | mean: 0.447

mem: Fixed 500 samples
0.9991,  0.0000,  0.0000,  0.0000,  0.0000 | 0.9986,  0.0000,  0.0000,  0.0000,  0.0000 | 1.0000,  0.0000,  0.0000,  0.0000,  0.0000
0.9253,  0.9814,  0.0000,  0.0000,  0.0000 | 0.9286,  0.9814,  0.0000,  0.0000,  0.0000 | 0.9215,  0.9814,  0.0000,  0.0000,  0.0000 
0.9130,  0.6827,  0.9973,  0.0000,  0.0000 | 0.9135,  0.6660,  0.9931,  0.0000,  0.0000 | 0.8884,  0.6533,  0.9952,  0.0000,  0.0000
0.8771,  0.7488,  0.6270,  0.9904,  0.0000 | 0.8931,  0.7400,  0.6473,  0.9919,  0.0000 | 0.8908,  0.7351,  0.6521,  0.9909,  0.0000 
0.8364,  0.6043,  0.3138,  0.4919,  0.9854 | 0.8440,  0.5612,  0.3671,  0.5947,  0.9823 | 0.8496,  0.5715,  0.3436,  0.5675,  0.9834 
mean: 0.646                                | mean: 0.67                                 | mean: 0.663

mem: Fixed 1000 samples
0.9991,  0.0000,  0.0000,  0.0000,  0.0000 | 0.9986,  0.0000,  0.0000,  0.0000,  0.0000 | 1.0000,  0.0000,  0.0000,  0.0000,  0.0000
0.9527,  0.9809,  0.0000,  0.0000,  0.0000 | 0.9546,  0.9814,  0.0000,  0.0000,  0.0000 | 0.9574,  0.9819,  0.0000,  0.0000,  0.0000 
0.9352,  0.7796,  0.9957,  0.0000,  0.0000 | 0.9480,  0.7968,  0.9925,  0.0000,  0.0000 | 0.9466,  0.7742,  0.9931,  0.0000,  0.0000
0.9187,  0.8266,  0.7887,  0.9904,  0.0000 | 0.9314,  0.8276,  0.7791,  0.9889,  0.0000 | 0.9423,  0.8345,  0.7860,  0.9879,  0.0000 
0.8747,  0.7174,  0.6110,  0.7598,  0.9808 | 0.8931,  0.7209,  0.6041,  0.7492,  0.9808 | 0.9021,  0.7204,  0.6158,  0.7402,  0.9788 
mean: 0.789                                | mean: 0.79                                 | mean: 0.791

mem: Fixed 2000 samples
0.9991,  0.0000,  0.0000,  0.0000,  0.0000 | 0.9986,  0.0000,  0.0000,  0.0000,  0.0000 | 1.0000,  0.0000,  0.0000,  0.0000,  0.0000 |
0.9740,  0.9799,  0.0000,  0.0000,  0.0000 | 0.9749,  0.9819,  0.0000,  0.0000,  0.0000 | 0.9768,  0.9824,  0.0000,  0.0000,  0.0000 |
0.9631,  0.8751,  0.9915,  0.0000,  0.0000 | 0.9693,  0.8790,  0.9899,  0.0000,  0.0000 | 0.9693,  0.8619,  0.9915,  0.0000,  0.0000 |
0.9508,  0.8805,  0.8693,  0.9859,  0.0000 | 0.9527,  0.8864,  0.8549,  0.9874,  0.0000 | 0.9556,  0.8688,  0.8581,  0.9834,  0.0000 |
0.9248,  0.8100,  0.7572,  0.7855,  0.9773 | 0.9201,  0.8247,  0.7503,  0.8212,  0.9783 | 0.9286,  0.8252,  0.7407,  0.8142,  0.9778 |
mean: 0.851                                | mean: 0.859                                | mean: 0.857

=========================================================
=== Episodic+CE | 2-ways(aftr 2nd task 5-ways), 20k_iter
=========================================================
S:5                                        | S:12                                       | S:39                                       | S:50                                       | S:99
mem: Fixed 200 samples
0.9991,  0.0000,  0.0000,  0.0000,  0.0000 | 0.9991,  0.0000,  0.0000,  0.0000,  0.0000 | 1.0000,  0.0000,  0.0000,  0.0000,  0.0000 
0.9797,  0.9647,  0.0000,  0.0000,  0.0000 | 0.9858,  0.9603,  0.0000,  0.0000,  0.0000 | 0.9863,  0.9608,  0.0000,  0.0000,  0.0000 
0.9749,  0.8707,  0.9578,  0.0000,  0.0000 | 0.9759,  0.8585,  0.9616,  0.0000,  0.0000 | 0.9778,  0.8923,  0.9600,  0.0000,  0.0000
0.9556,  0.8761,  0.8938,  0.9552,  0.0000 | 0.9636,  0.8614,  0.8810,  0.9582,  0.0000 | 0.9622,  0.8536,  0.8629,  0.9592,  0.0000 
0.9456,  0.8222,  0.7855,  0.8721,  0.9047 | 0.9489,  0.8139,  0.7652,  0.8797,  0.9168 | 0.9570,  0.8105,  0.7732,  0.8837,  0.9133
mean: 0.866                                | mean: 0.865                                | mean: 0.868

mem: Fixed 500 samples
0.9991,  0.0000,  0.0000,  0.0000,  0.0000 | 0.9991,  0.0000,  0.0000,  0.0000,  0.0000 | 1.0000,  0.0000,  0.0000,  0.0000,  0.0000 
0.9896,  0.9594,  0.0000,  0.0000,  0.0000 | 0.9896,  0.9618,  0.0000,  0.0000,  0.0000 | 0.9896,  0.9598,  0.0000,  0.0000,  0.0000
0.9853,  0.9084,  0.9477,  0.0000,  0.0000 | 0.9844,  0.9025,  0.9424,  0.0000,  0.0000 | 0.9844,  0.9109,  0.9461,  0.0000,  0.0000
0.9754,  0.8854,  0.9162,  0.9562,  0.0000 | 0.9768,  0.8932,  0.9072,  0.9527,  0.0000 | 0.9759,  0.9109,  0.8965,  0.9466,  0.0000 
0.9645,  0.8692,  0.8559,  0.9018,  0.8734 | 0.9674,  0.8663,  0.8538,  0.9144,  0.8880 | 0.9674,  0.8688,  0.8517,  0.9094,  0.9007  
mean: 0.893                                | mean: 0.898                                | mean: 0.9

mem: Fixed 1000 samples
0.9991,  0.0000,  0.0000,  0.0000,  0.0000 | 0.9991,  0.0000,  0.0000,  0.0000,  0.0000 | 0.9995,  0.0000,  0.0000,  0.0000,  0.0000 
0.9901,  0.9628,  0.0000,  0.0000,  0.0000 | 0.9882,  0.9618,  0.0000,  0.0000,  0.0000 | 0.9910,  0.9608,  0.0000,  0.0000,  0.0000 
0.9792,  0.9138,  0.9482,  0.0000,  0.0000 | 0.9858,  0.9182,  0.9440,  0.0000,  0.0000 | 0.9872,  0.9256,  0.9488,  0.0000,  0.0000 
0.9721,  0.9114,  0.9301,  0.9446,  0.0000 | 0.9783,  0.9074,  0.9152,  0.9466,  0.0000 | 0.9816,  0.9060,  0.9328,  0.9436,  0.0000 
0.9608,  0.8810,  0.9061,  0.9325,  0.8709 | 0.9759,  0.8815,  0.8922,  0.9104,  0.8800 | 0.9768,  0.8879,  0.8986,  0.9204,  0.8840 
mean: 0.91                                 | mean: 0.908                                | mean: 0.914

mem: Fixed 2000 samples 
0.9995,  0.0000,  0.0000,  0.0000,  0.0000 | 0.9991,  0.0000,  0.0000,  0.0000,  0.0000 | 1.0000,  0.0000,  0.0000,  0.0000,  0.0000 
0.9887,  0.9594,  0.0000,  0.0000,  0.0000 | 0.9905,  0.9628,  0.0000,  0.0000,  0.0000 | 0.9915,  0.9569,  0.0000,  0.0000,  0.0000 
0.9858,  0.9358,  0.9413,  0.0000,  0.0000 | 0.9863,  0.9285,  0.9349,  0.0000,  0.0000 | 0.9887,  0.9290,  0.9408,  0.0000,  0.0000 
0.9787,  0.9143,  0.9349,  0.9481,  0.0000 | 0.9839,  0.9070,  0.9130,  0.9421,  0.0000 | 0.9835,  0.9182,  0.9349,  0.9421,  0.0000
0.9735,  0.8962,  0.9130,  0.9164,  0.8835 | 0.9754,  0.8981,  0.9002,  0.9285,  0.8704 | 0.9797,  0.9079,  0.8981,  0.9209,  0.8810 
mean: 0.917                                | mean: 0.915                                | mean: 0.918

=========================================================
=== Episodic+PT | 2-ways(aftr 2nd task 5-ways), 20K_iter
=========================================================
S:5                                        | S:12                                       | S:39                                       | S:50                                       | S:99
mem: Fixed 200 samples
0.9995,  0.0000,  0.0000,  0.0000,  0.0000 | 0.9986,  0.0000,  0.0000,  0.0000,  0.0000 | 1.0000,  0.0000,  0.0000,  0.0000,  0.0000
0.9787,  0.9691,  0.0000,  0.0000,  0.0000 | 0.9835,  0.9696,  0.0000,  0.0000,  0.0000 | 0.9863,  0.9701,  0.0000,  0.0000,  0.0000
0.9541,  0.8457,  0.9851,  0.0000,  0.0000 | 0.9693,  0.8487,  0.9861,  0.0000,  0.0000 | 0.9664,  0.8766,  0.9856,  0.0000,  0.0000
0.9437,  0.8570,  0.9055,  0.9733,  0.0000 | 0.9645,  0.8555,  0.9039,  0.9753,  0.0000 | 0.9489,  0.8438,  0.8906,  0.9733,  0.0000 
0.9366,  0.8124,  0.7705,  0.8651,  0.9435 | 0.9423,  0.8178,  0.7481,  0.8802,  0.9455 | 0.9447,  0.7889,  0.7673,  0.9053,  0.9481
mean: 0.866                                | mean: 0.867                                | mean: 0.871

mem: Fixed 500 samples
0.9995,  0.0000,  0.0000,  0.0000,  0.0000 | 0.9991,  0.0000,  0.0000,  0.0000,  0.0000 | 1.0000,  0.0000,  0.0000,  0.0000,  0.0000 
0.9901,  0.9677,  0.0000,  0.0000,  0.0000 | 0.9877,  0.9696,  0.0000,  0.0000,  0.0000 | 0.9910,  0.9662,  0.0000,  0.0000,  0.0000
0.9801,  0.9329,  0.9760,  0.0000,  0.0000 | 0.9858,  0.8981,  0.9787,  0.0000,  0.0000 | 0.9853,  0.9070,  0.9781,  0.0000,  0.0000
0.9759,  0.9207,  0.9445,  0.9642,  0.0000 | 0.9764,  0.9040,  0.9205,  0.9668,  0.0000 | 0.9787,  0.9163,  0.9232,  0.9637,  0.0000 
0.9626,  0.8903,  0.9093,  0.9406,  0.9178 | 0.9622,  0.8570,  0.8746,  0.9350,  0.9294 | 0.9688,  0.8648,  0.8623,  0.9134,  0.9294
mean: 0.924                                | mean: 0.912                                | mean: 0.908

mem: Fixed 1000 samples
0.9995,  0.0000,  0.0000,  0.0000,  0.0000 | 0.9986,  0.0000,  0.0000,  0.0000,  0.0000 | 1.0000,  0.0000,  0.0000,  0.0000,  0.0000 
0.9905,  0.9677,  0.0000,  0.0000,  0.0000 | 0.9905,  0.9677,  0.0000,  0.0000,  0.0000 | 0.9905,  0.9647,  0.0000,  0.0000,  0.0000
0.9811,  0.9363,  0.9760,  0.0000,  0.0000 | 0.9853,  0.9300,  0.9787,  0.0000,  0.0000 | 0.9872,  0.9314,  0.9739,  0.0000,  0.0000
0.9773,  0.9216,  0.9445,  0.9642,  0.0000 | 0.9801,  0.9153,  0.9498,  0.9637,  0.0000 | 0.9825,  0.9148,  0.9418,  0.9637,  0.0000 
0.9645,  0.8937,  0.9130,  0.9436,  0.9183 | 0.9749,  0.8928,  0.9034,  0.9209,  0.9289 | 0.9740,  0.8879,  0.9178,  0.9350,  0.9279
mean: 0.927                                | mean: 0.924                                | mean:  0.929                              

mem: Fixed 2000 samples
0.9995,  0.0000,  0.0000,  0.0000,  0.0000 | 1.0000,  0.0000,  0.0000,  0.0000,  0.0000 | 1.0000,  0.0000,  0.0000,  0.0000,  0.0000 
0.9905,  0.9652,  0.0000,  0.0000,  0.0000 | 0.9920,  0.9667,  0.0000,  0.0000,  0.0000 | 0.9920,  0.9667,  0.0000,  0.0000,  0.0000 
0.9872,  0.9530,  0.9739,  0.0000,  0.0000 | 0.9905,  0.9442,  0.9733,  0.0000,  0.0000 | 0.9905,  0.9442,  0.9733,  0.0000,  0.0000 
0.9830,  0.9476,  0.9536,  0.9612,  0.0000 | 0.9853,  0.9295,  0.9562,  0.9537,  0.0000 | 0.9853,  0.9295,  0.9562,  0.9537,  0.0000
0.9745,  0.9167,  0.9306,  0.9376,  0.9112 | 0.9754,  0.9177,  0.9104,  0.9441,  0.9138 | 0.9754,  0.9177,  0.9104,  0.9441,  0.9138
mean: 0.934                                | mean: 0.932                                | mean: 0.932

=========================================================
=== Episodic+Reptile | 2-ways(aftr 2nd task 5-ways), 5_step, 5k_iter
=========================================================
S:5                                        | S:12                                       | S:39                                       | S:50                                       | S:99
mem: Fixed 200 samples
0.9991,  0.0000,  0.0000,  0.0000,  0.0000 | 0.9991,  0.0000,  0.0000,  0.0000,  0.0000 | 1.0000,  0.0000,  0.0000,  0.0000,  0.0000 
0.9764,  0.9657,  0.0000,  0.0000,  0.0000 | 0.9839,  0.9628,  0.0000,  0.0000,  0.0000 | 0.9868,  0.9613,  0.0000,  0.0000,  0.0000 
0.9740,  0.8707,  0.9648,  0.0000,  0.0000 | 0.9730,  0.8619,  0.9621,  0.0000,  0.0000 | 0.9783,  0.8913,  0.9616,  0.0000,  0.0000
0.9532,  0.8771,  0.8917,  0.9582,  0.0000 | 0.9608,  0.8619,  0.8773,  0.9602,  0.0000 | 0.9622,  0.8526,  0.8725,  0.9587,  0.0000 
0.9423,  0.8257,  0.7785,  0.8701,  0.9148 | 0.9433,  0.8149,  0.7652,  0.8792,  0.9223 | 0.9527,  0.8061,  0.7732,  0.8857,  0.9208 
mean: 0.866                                | mean: 0.865                                | mean: 0.868

mem: Fixed 500 samples
0.9995,  0.0000,  0.0000,  0.0000,  0.0000 | 0.9991,  0.0000,  0.0000,  0.0000,  0.0000 | 1.0000,  0.0000,  0.0000,  0.0000,  0.0000 
0.9872,  0.9750,  0.0000,  0.0000,  0.0000 | 0.9868,  0.9750,  0.0000,  0.0000,  0.0000 | 0.9858,  0.9731,  0.0000,  0.0000,  0.0000
0.9820,  0.8996,  0.9808,  0.0000,  0.0000 | 0.9806,  0.8957,  0.9803,  0.0000,  0.0000 | 0.9849,  0.9089,  0.9755,  0.0000,  0.0000 
0.9697,  0.8947,  0.9194,  0.9753,  0.0000 | 0.9740,  0.8976,  0.9162,  0.9738,  0.0000 | 0.9712,  0.9167,  0.9136,  0.9728,  0.0000 
0.9617,  0.8614,  0.8565,  0.8968,  0.9440 | 0.9598,  0.8536,  0.8554,  0.9245,  0.9465 | 0.9641,  0.8668,  0.8485,  0.9134,  0.9476 
mean: 0.904                                | mean: 0.908                                | mean: 0.908

mem: Fixed 1000 samples
0.9995,  0.0000,  0.0000,  0.0000,  0.0000 | 0.9986,  0.0000,  0.0000,  0.0000,  0.0000 | 1.0000,  0.0000,  0.0000,  0.0000,  0.0000 
0.9872,  0.9740,  0.0000,  0.0000,  0.0000 | 0.9877,  0.9731,  0.0000,  0.0000,  0.0000 | 0.9896,  0.9740,  0.0000,  0.0000,  0.0000
0.9801,  0.9295,  0.9781,  0.0000,  0.0000 | 0.9863,  0.9241,  0.9739,  0.0000,  0.0000 | 0.9858,  0.9329,  0.9739,  0.0000,  0.0000 
0.9740,  0.9197,  0.9450,  0.9693,  0.0000 | 0.9778,  0.9153,  0.9424,  0.9678,  0.0000 | 0.9773,  0.9138,  0.9376,  0.9713,  0.0000 
0.9603,  0.8781,  0.8986,  0.9340,  0.9319 | 0.9712,  0.8746,  0.9002,  0.9204,  0.9420 | 0.9702,  0.8834,  0.9039,  0.9204,  0.9420 
mean: 0.921                                | mean: 0.922                                | mean: 0.924

mem: Fixed 2000 samples
0.9995,  0.0000,  0.0000,  0.0000,  0.0000 | 0.9986,  0.0000,  0.0000,  0.0000,  0.0000 | 1.0000,  0.0000,  0.0000,  0.0000,  0.0000 
0.9891,  0.9726,  0.0000,  0.0000,  0.0000 | 0.9891,  0.9745,  0.0000,  0.0000,  0.0000 | 0.9915,  0.9750,  0.0000,  0.0000,  0.0000
0.9872,  0.9500,  0.9733,  0.0000,  0.0000 | 0.9882,  0.9442,  0.9717,  0.0000,  0.0000 | 0.9915,  0.9461,  0.9712,  0.0000,  0.0000
0.9797,  0.9427,  0.9514,  0.9658,  0.0000 | 0.9868,  0.9305,  0.9466,  0.9653,  0.0000 | 0.9839,  0.9354,  0.9546,  0.9653,  0.0000 
0.9754,  0.9148,  0.9221,  0.9391,  0.9314 | 0.9754,  0.9094,  0.9226,  0.9305,  0.9249 | 0.9759,  0.9216,  0.9104,  0.9451,  0.9339 
mean: 0.937                                | mean: 0.933                                | mean: 0.937


#########################################################
### Fashion-MNIST 
#########################################################
===================================
=== Offline batch | e_12, bs_32
===================================
S:5   | S:12  | S:39
91.62 | 91.86 | 91.55
mean: 91.68 ± 0.13

===================================
=== Offline episodic | 5-ways, 100k_iter (because support set does not used)
===================================
S:5    | S:12   | S:39
0.9161 | 0.9263 | 0.9256
# mean: 92.27 ± 0.004

=========================================================
=== Non-episodic | e_8, bs_32
=========================================================
S:5                                        | S:12                                       | S:39
mem: Fixed 200 samples
0.9920,  0.0000,  0.0000,  0.0000,  0.0000 | 0.9925,  0.0000,  0.0000,  0.0000,  0.0000 | 0.9950,  0.0000,  0.0000,  0.0000,  0.0000 
0.6830,  0.9710,  0.0000,  0.0000,  0.0000 | 0.7045,  0.9740,  0.0000,  0.0000,  0.0000 | 0.6560,  0.9735,  0.0000,  0.0000,  0.0000
0.8145,  0.2235,  0.9980,  0.0000,  0.0000 | 0.8230,  0.3160,  0.9980,  0.0000,  0.0000 | 0.6995,  0.1930,  0.9985,  0.0000,  0.0000 
0.4510,  0.0505,  0.1170,  0.9990,  0.0000 | 0.4480,  0.1210,  0.0685,  0.9990,  0.0000 | 0.3970,  0.1610,  0.0085,  0.9980,  0.0000 
0.7900,  0.5275,  0.3845,  0.2460,  0.9980 | 0.7515,  0.4125,  0.1930,  0.3250,  0.9970 | 0.7535,  0.6450,  0.2425,  0.0745,  0.9960 
mean: 0.589                                | mean: 0.536                                | mean: 0.542

mem: Fixed 500 samples
0.9925,  0.0000,  0.0000,  0.0000,  0.0000 | 0.9925,  0.0000,  0.0000,  0.0000,  0.0000 | 0.9950,  0.0000,  0.0000,  0.0000,  0.0000 
0.8095,  0.9675,  0.0000,  0.0000,  0.0000 | 0.7695,  0.9745,  0.0000,  0.0000,  0.0000 | 0.7530,  0.9720,  0.0000,  0.0000,  0.0000
0.8395,  0.4310,  0.9990,  0.0000,  0.0000 | 0.8950,  0.4600,  0.9980,  0.0000,  0.0000 | 0.8755,  0.3065,  0.9990,  0.0000,  0.0000
0.5130,  0.2830,  0.2875,  0.9960,  0.0000 | 0.4765,  0.2035,  0.3365,  0.9965,  0.0000 | 0.5230,  0.2475,  0.3750,  0.9960,  0.0000
0.7835,  0.6635,  0.5925,  0.4360,  0.9990 | 0.8620,  0.6045,  0.6990,  0.4935,  0.9975 | 0.8520,  0.6925,  0.4800,  0.3965,  0.9960
mean: 0.695                                | mean: 0.731                                | mean: 0.683

mem: Fixed 1000 samples
0.9920,  0.0000,  0.0000,  0.0000,  0.0000 | 0.9930,  0.0000,  0.0000,  0.0000,  0.0000 | 0.9955,  0.0000,  0.0000,  0.0000,  0.0000 
0.7830,  0.9695,  0.0000,  0.0000,  0.0000 | 0.8500,  0.9680,  0.0000,  0.0000,  0.0000 | 0.8220,  0.9660,  0.0000,  0.0000,  0.0000
0.9125,  0.5270,  0.9975,  0.0000,  0.0000 | 0.8790,  0.6370,  0.9945,  0.0000,  0.0000 | 0.9190,  0.6455,  0.9925,  0.0000,  0.0000 
0.5660,  0.3820,  0.5305,  0.9820,  0.0000 | 0.5790,  0.4530,  0.4430,  0.9890,  0.0000 | 0.5585,  0.4710,  0.6585,  0.9840,  0.0000 
0.9240,  0.6855,  0.7785,  0.5370,  0.9975 | 0.8195,  0.8150,  0.7070,  0.5575,  0.9970 | 0.8090,  0.8525,  0.6475,  0.6395,  0.9960 
mean: 0.784                                | mean: 0.779                                | mean: 0.789

mem: Fixed 2000 samples
0.9940,  0.0000,  0.0000,  0.0000,  0.0000 | 0.9925,  0.0000,  0.0000,  0.0000,  0.0000 | 0.9955,  0.0000,  0.0000,  0.0000,  0.0000
0.9185,  0.9615,  0.0000,  0.0000,  0.0000 | 0.9060,  0.9670,  0.0000,  0.0000,  0.0000 | 0.9085,  0.9595,  0.0000,  0.0000,  0.0000
0.9415,  0.8045,  0.9775,  0.0000,  0.0000 | 0.9330,  0.7195,  0.9895,  0.0000,  0.0000 | 0.9080,  0.6520,  0.9940,  0.0000,  0.0000 
0.6270,  0.6415,  0.7495,  0.9860,  0.0000 | 0.7030,  0.6015,  0.5595,  0.9860,  0.0000 | 0.6490,  0.5965,  0.6205,  0.9865,  0.0000 
0.9185,  0.8640,  0.7755,  0.6995,  0.9940 | 0.8875,  0.8680,  0.7715,  0.5515,  0.9965 | 0.8660,  0.7425,  0.8055,  0.7365,  0.9950 
mean: 0.85                                 | mean: 0.815                                | mean: 0.829

=========================================================
=== Episodic+CE | 2-ways(aftr 2nd task 5-ways), 20k_iter
=========================================================
S:5                                        | S:12                                       | S:39
mem: Fixed 200 samples
0.9955,  0.0000,  0.0000,  0.0000,  0.0000 | 0.9950,  0.0000,  0.0000,  0.0000,  0.0000 | 0.9960,  0.0000,  0.0000,  0.0000,  0.0000 
0.9050,  0.9680,  0.0000,  0.0000,  0.0000 | 0.8960,  0.9620,  0.0000,  0.0000,  0.0000 | 0.9185,  0.9645,  0.0000,  0.0000,  0.0000 
0.9075,  0.6815,  0.9950,  0.0000,  0.0000 | 0.8745,  0.7455,  0.9900,  0.0000,  0.0000 | 0.9200,  0.6985,  0.9950,  0.0000,  0.0000 
0.7300,  0.5650,  0.5165,  0.9765,  0.0000 | 0.6380,  0.6145,  0.6240,  0.9795,  0.0000 | 0.6635,  0.5615,  0.6385,  0.9770,  0.0000
0.7960,  0.6255,  0.6660,  0.8435,  0.9895 | 0.7840,  0.7195,  0.7560,  0.8210,  0.9885 | 0.8420,  0.7140,  0.7190,  0.7410,  0.9930 
mean: 0.784                                | mean: 0.814                                | mean: 0.802

mem: Fixed 500 samples
0.9945,  0.0000,  0.0000,  0.0000,  0.0000 | 0.9960,  0.0000,  0.0000,  0.0000,  0.0000 | 0.9960,  0.0000,  0.0000,  0.0000,  0.0000 
0.9335,  0.9575,  0.0000,  0.0000,  0.0000 | 0.9325,  0.9600,  0.0000,  0.0000,  0.0000 | 0.9485,  0.9415,  0.0000,  0.0000,  0.0000
0.9260,  0.8125,  0.9885,  0.0000,  0.0000 | 0.9155,  0.7655,  0.9935,  0.0000,  0.0000 | 0.9375,  0.7365,  0.9895,  0.0000,  0.0000
0.8020,  0.7120,  0.7695,  0.9520,  0.0000 | 0.8120,  0.7140,  0.8250,  0.9410,  0.0000 | 0.7995,  0.6445,  0.7720,  0.9605,  0.0000
0.8340,  0.7935,  0.8260,  0.8120,  0.9875 | 0.8545,  0.7640,  0.8490,  0.7925,  0.9815 | 0.8690,  0.7950,  0.8070,  0.7530,  0.9935
mean: 0.851                                | mean: 0.848                                | mean: 0.844

mem: Fixed 1000 samples
0.9940,  0.0000,  0.0000,  0.0000,  0.0000 | 0.9950,  0.0000,  0.0000,  0.0000,  0.0000 | 0.9950,  0.0000,  0.0000,  0.0000,  0.0000
0.9445,  0.9570,  0.0000,  0.0000,  0.0000 | 0.9365,  0.9580,  0.0000,  0.0000,  0.0000 | 0.9580,  0.9545,  0.0000,  0.0000,  0.0000 
0.9300,  0.8375,  0.9860,  0.0000,  0.0000 | 0.9315,  0.7615,  0.9890,  0.0000,  0.0000 | 0.9590,  0.8095,  0.9885,  0.0000,  0.0000 
0.8680,  0.8005,  0.8890,  0.8970,  0.0000 | 0.8420,  0.8330,  0.8510,  0.9345,  0.0000 | 0.8625,  0.7380,  0.8810,  0.9105,  0.0000
0.8670,  0.7930,  0.8530,  0.8565,  0.9780 | 0.8395,  0.8505,  0.8645,  0.8250,  0.9875 | 0.8840,  0.8205,  0.8705,  0.8160,  0.9835 
mean: 0.87                                 | mean: 0.873                                | mean: 0.875

mem: Fixed 2000 samples
0.9935,  0.0000,  0.0000,  0.0000,  0.0000 | 0.9960,  0.0000,  0.0000,  0.0000,  0.0000 | 0.9965,  0.0000,  0.0000,  0.0000,  0.0000
0.9505,  0.9550,  0.0000,  0.0000,  0.0000 | 0.9470,  0.9610,  0.0000,  0.0000,  0.0000 | 0.9595,  0.9515,  0.0000,  0.0000,  0.0000
0.9445,  0.8565,  0.9850,  0.0000,  0.0000 | 0.9395,  0.8760,  0.9760,  0.0000,  0.0000 | 0.9480,  0.8870,  0.9740,  0.0000,  0.0000
0.9030,  0.8430,  0.8875,  0.8785,  0.0000 | 0.8570,  0.8715,  0.8865,  0.9045,  0.0000 | 0.8915,  0.8405,  0.8915,  0.8880,  0.0000 
0.8750,  0.8520,  0.9000,  0.8570,  0.9800 | 0.8850,  0.8630,  0.8935,  0.8250,  0.9815 | 0.9040,  0.8710,  0.8980,  0.8010,  0.9810
mean: 0.893                                | mean: 0.89                                 | mean: 0.891


=========================================================
=== Episodic+PT | 2-ways(aftr 2nd task 5-ways), 20K_iter
=========================================================
S:5                                        | S:12                                       | S:39
mem: Fixed 200 samples
0.9950,  0.0000,  0.0000,  0.0000,  0.0000 | 0.9915,  0.0000,  0.0000,  0.0000,  0.0000 | 0.9950,  0.0000,  0.0000,  0.0000,  0.0000
0.8935,  0.9660,  0.0000,  0.0000,  0.0000 | 0.9300,  0.9640,  0.0000,  0.0000,  0.0000 | 0.9105,  0.9680,  0.0000,  0.0000,  0.0000
0.8910,  0.6315,  0.9985,  0.0000,  0.0000 | 0.8950,  0.7065,  0.9955,  0.0000,  0.0000 | 0.9180,  0.6775,  0.9940,  0.0000,  0.0000
0.6915,  0.5660,  0.4890,  0.9870,  0.0000 | 0.6410,  0.5845,  0.6345,  0.9820,  0.0000 | 0.6745,  0.5630,  0.6155,  0.9810,  0.0000
0.7605,  0.6450,  0.6605,  0.8165,  0.9930 | 0.8080,  0.7245,  0.7620,  0.7410,  0.9945 | 0.8215,  0.6480,  0.7120,  0.7695,  0.9910
mean: 0.775                                | mean: 0.806                                | mean: 0.788

mem: Fixed 500 samples
0.9960,  0.0000,  0.0000,  0.0000,  0.0000 | 0.9965,  0.0000,  0.0000,  0.0000,  0.0000 | 0.9975,  0.0000,  0.0000,  0.0000,  0.0000
0.9400,  0.9580,  0.0000,  0.0000,  0.0000 | 0.9540,  0.9580,  0.0000,  0.0000,  0.0000 | 0.9565,  0.9410,  0.0000,  0.0000,  0.0000
0.9295,  0.7450,  0.9935,  0.0000,  0.0000 | 0.9260,  0.8030,  0.9865,  0.0000,  0.0000 | 0.9335,  0.7585,  0.9870,  0.0000,  0.0000 
0.7830,  0.6760,  0.7515,  0.9640,  0.0000 | 0.7825,  0.6790,  0.7865,  0.9590,  0.0000 | 0.7865,  0.7025,  0.7635,  0.9605,  0.0000 
0.8215,  0.8035,  0.8025,  0.8025,  0.9900 | 0.8390,  0.7630,  0.8095,  0.8385,  0.9850 | 0.8595,  0.7895,  0.8545,  0.7870,  0.9865 
mean: 0.844                                | mean: 0.847                                | mean: 0.855

mem: Fixed 1000 samples 
0.9940,  0.0000,  0.0000,  0.0000,  0.0000 | 0.9965,  0.0000,  0.0000,  0.0000,  0.0000 | 0.9955,  0.0000,  0.0000,  0.0000,  0.0000
0.9375,  0.9580,  0.0000,  0.0000,  0.0000 | 0.9485,  0.9550,  0.0000,  0.0000,  0.0000 | 0.9555,  0.9510,  0.0000,  0.0000,  0.0000 
0.9355,  0.8265,  0.9860,  0.0000,  0.0000 | 0.9445,  0.8440,  0.9815,  0.0000,  0.0000 | 0.9455,  0.8345,  0.9820,  0.0000,  0.0000
0.8605,  0.7915,  0.8755,  0.9150,  0.0000 | 0.8545,  0.8080,  0.8880,  0.9025,  0.0000 | 0.8635,  0.8110,  0.8780,  0.8935,  0.0000
0.8740,  0.8210,  0.8620,  0.8380,  0.9825 | 0.8310,  0.8280,  0.8715,  0.8315,  0.9860 | 0.8910,  0.8470,  0.8495,  0.7470,  0.9905
mean: 0.876                                | mean: 0.87                                 | mean: 0.865

mem: Fixed 2000 samples
0.9930,  0.0000,  0.0000,  0.0000,  0.0000 | 0.9950,  0.0000,  0.0000,  0.0000,  0.0000 | 0.9960,  0.0000,  0.0000,  0.0000,  0.0000
0.9330,  0.9635,  0.0000,  0.0000,  0.0000 | 0.9290,  0.9580,  0.0000,  0.0000,  0.0000 | 0.9635,  0.9480,  0.0000,  0.0000,  0.0000
0.9490,  0.8910,  0.9650,  0.0000,  0.0000 | 0.9455,  0.8770,  0.9700,  0.0000,  0.0000 | 0.9550,  0.8605,  0.9745,  0.0000,  0.0000
0.9220,  0.8785,  0.9030,  0.8255,  0.0000 | 0.9115,  0.8675,  0.9195,  0.8310,  0.0000 | 0.9210,  0.8480,  0.9215,  0.8135,  0.0000 
0.8880,  0.8470,  0.8940,  0.8610,  0.9585 | 0.8810,  0.8135,  0.9030,  0.8265,  0.9795 | 0.9035,  0.8530,  0.8895,  0.8135,  0.9780 
mean: 0.89                                 | mean: 0.881                                | mean: 0.888

=========================================================
=== Episodic+Reptile | 2-ways(aftr 2nd task 5-ways), 5_step, 5k_iter
=========================================================
S:5                                        | S:12                                       | S:39
mem: Fixed 200 samples
0.9950,  0.0000,  0.0000,  0.0000,  0.0000 | 0.9960,  0.0000,  0.0000,  0.0000,  0.0000 | 0.9965,  0.0000,  0.0000,  0.0000,  0.0000 
0.9145,  0.9660,  0.0000,  0.0000,  0.0000 | 0.9150,  0.9665,  0.0000,  0.0000,  0.0000 | 0.9125,  0.9660,  0.0000,  0.0000,  0.0000
0.9045,  0.7085,  0.9925,  0.0000,  0.0000 | 0.8795,  0.7130,  0.9945,  0.0000,  0.0000 | 0.9170,  0.7270,  0.9900,  0.0000,  0.0000 
0.7055,  0.5560,  0.5360,  0.9835,  0.0000 | 0.6405,  0.5790,  0.5950,  0.9855,  0.0000 | 0.6145,  0.5440,  0.6020,  0.9830,  0.0000 
0.7745,  0.6555,  0.6515,  0.8345,  0.9920 | 0.7760,  0.7250,  0.7350,  0.8035,  0.9900 | 0.8335,  0.7010,  0.6870,  0.7315,  0.9925
mean: 0.782                                | mean: 0.806                                | mean: 0.789

mem: Fixed 500 samples
0.9970,  0.0000,  0.0000,  0.0000,  0.0000 | 0.9965,  0.0000,  0.0000,  0.0000,  0.0000 | 0.9975,  0.0000,  0.0000,  0.0000,  0.0000 
0.9130,  0.9580,  0.0000,  0.0000,  0.0000 | 0.9465,  0.9585,  0.0000,  0.0000,  0.0000 | 0.9480,  0.9580,  0.0000,  0.0000,  0.0000 
0.9320,  0.7575,  0.9965,  0.0000,  0.0000 | 0.9230,  0.7335,  0.9985,  0.0000,  0.0000 | 0.9110,  0.7390,  0.9930,  0.0000,  0.0000
0.7340,  0.6220,  0.7120,  0.9805,  0.0000 | 0.7650,  0.6520,  0.7625,  0.9745,  0.0000 | 0.7385,  0.6690,  0.7430,  0.9755,  0.0000
0.7930,  0.7465,  0.7995,  0.8380,  0.9915 | 0.8450,  0.7715,  0.7825,  0.8280,  0.9915 | 0.8050,  0.7745,  0.7670,  0.8195,  0.9965
mean: 0.834                                | mean: 0.844                                | mean: 0.832

mem: Fixed 1000 samples
0.9935,  0.0000,  0.0000,  0.0000,  0.0000 | 0.9970,  0.0000,  0.0000,  0.0000,  0.0000 | 0.9950,  0.0000,  0.0000,  0.0000,  0.0000
0.9370,  0.9640,  0.0000,  0.0000,  0.0000 | 0.9095,  0.9615,  0.0000,  0.0000,  0.0000 | 0.9510,  0.9500,  0.0000,  0.0000,  0.0000
0.9335,  0.8255,  0.9895,  0.0000,  0.0000 | 0.9415,  0.8150,  0.9905,  0.0000,  0.0000 | 0.9380,  0.8045,  0.9920,  0.0000,  0.0000 
0.7785,  0.7185,  0.8440,  0.9645,  0.0000 | 0.7585,  0.7335,  0.8370,  0.9695,  0.0000 | 0.7525,  0.7310,  0.8550,  0.9635,  0.0000 
0.8435,  0.7860,  0.8460,  0.8780,  0.9900 | 0.8185,  0.8015,  0.8605,  0.8540,  0.9935 | 0.8210,  0.8260,  0.8455,  0.8555,  0.9925
mean: 0.869                                | mean: 0.866                                | mean: 0.868

mem: Fixed 2000 samples
0.9945,  0.0000,  0.0000,  0.0000,  0.0000 | 0.9960,  0.0000,  0.0000,  0.0000,  0.0000 | 0.9980,  0.0000,  0.0000,  0.0000,  0.0000 
0.9390,  0.9730,  0.0000,  0.0000,  0.0000 | 0.9130,  0.9750,  0.0000,  0.0000,  0.0000 | 0.9360,  0.9730,  0.0000,  0.0000,  0.0000 
0.9510,  0.8350,  0.9960,  0.0000,  0.0000 | 0.9395,  0.8430,  0.9905,  0.0000,  0.0000 | 0.9440,  0.8330,  0.9925,  0.0000,  0.0000 
0.8350,  0.8265,  0.8670,  0.9465,  0.0000 | 0.8485,  0.7990,  0.8715,  0.9535,  0.0000 | 0.8420,  0.8215,  0.8765,  0.9395,  0.0000 
0.8810,  0.8250,  0.8830,  0.8740,  0.9870 | 0.8675,  0.8525,  0.8845,  0.8520,  0.9870 | 0.8670,  0.8455,  0.8805,  0.8595,  0.9830 
mean: 0.89                                 | mean: 0.889                                | mean: 0.887 

#########################################################
#########################################################
### CIFAR10 
#########################################################
=========================================================
=== Offline batch | e_12, bs_32
=========================================================
S:5   | S:12  | S:39  |
70.17 | 71.15 | 69.81 |
# mean: 70.38 ± 0.57

=========================================================
=== Offline episodic | 5-ways, 100k_iter (because support set does not used)
=========================================================
S:5    | S:12   | S:39   | 
0.7622 | 0.7490 | 0.7577 | 
# mean: 7563 ± 0.005

=========================================================
=== Non-episodic | e_8, bs_32
=========================================================
S:5                                        | S:12                                       | S:39
mem: Fixed 200 samples
0.9175,  0.0000,  0.0000,  0.0000,  0.0000 | 0.9375,  0.0000,  0.0000,  0.0000,  0.0000 | 0.9345,  0.0000,  0.0000,  0.0000,  0.0000
0.0150,  0.7530,  0.0000,  0.0000,  0.0000 | 0.0130,  0.7820,  0.0000,  0.0000,  0.0000 | 0.0505,  0.7920,  0.0000,  0.0000,  0.0000
0.0420,  0.0000,  0.8170,  0.0000,  0.0000 | 0.0565,  0.0000,  0.8305,  0.0000,  0.0000 | 0.0130,  0.0000,  0.8400,  0.0000,  0.0000
0.0570,  0.0000,  0.0000,  0.9315,  0.0000 | 0.1245,  0.0000,  0.0000,  0.9205,  0.0000 | 0.0930,  0.0000,  0.0000,  0.9305,  0.0000
0.0000,  0.0095,  0.0390,  0.0465,  0.9180 | 0.0000,  0.0000,  0.0050,  0.0775,  0.8585 | 0.0000,  0.0190,  0.0075,  0.0745,  0.9220 
# mean: 0.203                              | # mean: 0.188                              | # mean: 0.205

mem: Fixed 500 samples
0.9245,  0.0000,  0.0000,  0.0000,  0.0000 | 0.9440,  0.0000,  0.0000,  0.0000,  0.0000 | 0.9340,  0.0000,  0.0000,  0.0000,  0.0000
0.2165,  0.7750,  0.0000,  0.0000,  0.0000 | 0.5110,  0.7625,  0.0000,  0.0000,  0.0000 | 0.1610,  0.7550,  0.0000,  0.0000,  0.0000
0.3745,  0.0000,  0.8390,  0.0000,  0.0000 | 0.4880,  0.0005,  0.8350,  0.0000,  0.0000 | 0.1455,  0.0000,  0.8510,  0.0000,  0.0000
0.4180,  0.0015,  0.0015,  0.9325,  0.0000 | 0.5395,  0.0165,  0.0005,  0.9380,  0.0000 | 0.4215,  0.0095,  0.0000,  0.9385,  0.0000
0.0110,  0.1600,  0.2645,  0.3220,  0.9330 | 0.0090,  0.1535,  0.1600,  0.3070,  0.9205 | 0.0685,  0.1395,  0.2795,  0.3860,  0.9150
# mean: 0.338                              | # mean: 0.31                               | # mean: 0.358

mem: Fixed 1000 samples
0.9235,  0.0000,  0.0000,  0.0000,  0.0000 | 0.9400,  0.0000,  0.0000,  0.0000,  0.0000 | 0.9370,  0.0000,  0.0000,  0.0000,  0.0000
0.5415,  0.7685,  0.0000,  0.0000,  0.0000 | 0.4760,  0.7765,  0.0000,  0.0000,  0.0000 | 0.5295,  0.7865,  0.0000,  0.0000,  0.0000
0.6450,  0.0125,  0.8420,  0.0000,  0.0000 | 0.4895,  0.0025,  0.8340,  0.0000,  0.0000 | 0.5510,  0.0015,  0.8505,  0.0000,  0.0000
0.6755,  0.0325,  0.0415,  0.9385,  0.0000 | 0.6095,  0.0515,  0.0450,  0.9405,  0.0000 | 0.5660,  0.0015,  0.0070,  0.9295,  0.0000
0.1555,  0.2545,  0.4165,  0.4985,  0.9045 | 0.0710,  0.1195,  0.3160,  0.4785,  0.9140 | 0.1220,  0.2210,  0.3625,  0.4720,  0.9075
# mean: 0.446                              | # mean:  0.38                              | # mean: 0.417

mem: Fixed 2000 samples
0.9175,  0.0000,  0.0000,  0.0000,  0.0000 | 0.9375,  0.0000,  0.0000,  0.0000,  0.0000 | 0.9315,  0.0000,  0.0000,  0.0000,  0.0000
0.7665,  0.7630,  0.0000,  0.0000,  0.0000 | 0.5610,  0.7035,  0.0000,  0.0000,  0.0000 | 0.6875,  0.7700,  0.0000,  0.0000,  0.0000 
0.7385,  0.0495,  0.8445,  0.0000,  0.0000 | 0.7400,  0.0385,  0.8500,  0.0000,  0.0000 | 0.5930,  0.0335,  0.8575,  0.0000,  0.0000
0.6950,  0.2955,  0.3090,  0.8930,  0.0000 | 0.6230,  0.1340,  0.2470,  0.9275,  0.0000 | 0.6975,  0.2265,  0.1820,  0.9070,  0.0000 
0.2395,  0.3345,  0.4055,  0.6065,  0.9025 | 0.3045,  0.2775,  0.4340,  0.6530,  0.8915 | 0.2510,  0.2140,  0.3955,  0.6220,  0.9090
# mean: 0.498                              | # mean: 0.512                              | # mean: 0.478

=========================================================
=== Episodic+CE | 2-ways(aftr 2nd task 5-ways), 20k_iter
=========================================================
S:5                                        | S:12                                       | S:39                                       | S:50                                       | S:99
mem: Fixed 200 samples
0.9170,  0.0000,  0.0000,  0.0000,  0.0000 | 0.9530,  0.0000,  0.0000,  0.0000,  0.0000 | 0.9100,  0.0000,  0.0000,  0.0000,  0.0000
0.5000,  0.7780,  0.0000,  0.0000,  0.0000 | 0.6255,  0.7570,  0.0000,  0.0000,  0.0000 | 0.7440,  0.6705,  0.0000,  0.0000,  0.0000 
0.5620,  0.0800,  0.8715,  0.0000,  0.0000 | 0.5200,  0.1515,  0.8270,  0.0000,  0.0000 | 0.5605,  0.0870,  0.8570,  0.0000,  0.0000 
0.4830,  0.0695,  0.2350,  0.9380,  0.0000 | 0.4835,  0.1080,  0.2430,  0.8935,  0.0000 | 0.4485,  0.1090,  0.2205,  0.9360,  0.0000
0.0965,  0.0910,  0.4360,  0.6055,  0.9070 | 0.0940,  0.1505,  0.3330,  0.5790,  0.9090 | 0.1030,  0.0965,  0.3435,  0.5575,  0.9210
mean: 0.427                                | mean: 0.413                                | mean: 0.404

mem: Fixed 500 samples
0.9540,  0.0000,  0.0000,  0.0000,  0.0000 | 0.9375,  0.0000,  0.0000,  0.0000,  0.0000 | 0.9390,  0.0000,  0.0000,  0.0000,  0.0000
0.7150,  0.7505,  0.0000,  0.0000,  0.0000 | 0.6525,  0.7845,  0.0000,  0.0000,  0.0000 | 0.7735,  0.7485,  0.0000,  0.0000,  0.0000
0.6020,  0.2120,  0.8535,  0.0000,  0.0000 | 0.6640,  0.3490,  0.7195,  0.0000,  0.0000 | 0.7495,  0.2310,  0.8215,  0.0000,  0.0000
0.5650,  0.2395,  0.4390,  0.8095,  0.0000 | 0.6350,  0.2360,  0.3445,  0.8670,  0.0000 | 0.6640,  0.1790,  0.3595,  0.8465,  0.0000
0.2825,  0.2490,  0.4670,  0.6805,  0.8680 | 0.3165,  0.2630,  0.4325,  0.7155,  0.8605 | 0.3250,  0.1760,  0.4445,  0.7155,  0.8620
mean: 0.509                                | mean: 0.518                                | mean: 0.505

mem: Fixed 1000 samples
0.9540,  0.0000,  0.0000,  0.0000,  0.0000 | 0.9445,  0.0000,  0.0000,  0.0000,  0.0000 | 0.9495,  0.0000,  0.0000,  0.0000,  0.0000
0.7815,  0.7520,  0.0000,  0.0000,  0.0000 | 0.7555,  0.7675,  0.0000,  0.0000,  0.0000 | 0.6735,  0.7930,  0.0000,  0.0000,  0.0000
0.6750,  0.4310,  0.7445,  0.0000,  0.0000 | 0.7670,  0.5115,  0.6650,  0.0000,  0.0000 | 0.7545,  0.4390,  0.7570,  0.0000,  0.0000
0.6565,  0.3000,  0.5910,  0.7585,  0.0000 | 0.6845,  0.3325,  0.5850,  0.7495,  0.0000 | 0.7145,  0.3255,  0.6660,  0.7645,  0.0000
0.3860,  0.3130,  0.6300,  0.6905,  0.7765 | 0.4490,  0.3805,  0.5555,  0.6895,  0.7800 | 0.4375,  0.3060,  0.6240,  0.7000,  0.8180
mean: 0.559                                | mean: 0.571                                | mean: 0.577 

mem: Fixed 2000 samples
0.9555,  0.0000,  0.0000,  0.0000,  0.0000 | 0.9280,  0.0000,  0.0000,  0.0000,  0.0000 | 0.9500,  0.0000,  0.0000,  0.0000,  0.0000
0.8440,  0.7230,  0.0000,  0.0000,  0.0000 | 0.8510,  0.7400,  0.0000,  0.0000,  0.0000 | 0.7715,  0.7645,  0.0000,  0.0000,  0.0000
0.7550,  0.5350,  0.7055,  0.0000,  0.0000 | 0.7075,  0.4415,  0.7190,  0.0000,  0.0000 | 0.8885,  0.4845,  0.6930,  0.0000,  0.0000 
0.6875,  0.4800,  0.5860,  0.6945,  0.0000 | 0.7075,  0.4190,  0.5775,  0.7750,  0.0000 | 0.7880,  0.4565,  0.6580,  0.6910,  0.0000
0.5000,  0.5295,  0.5490,  0.6550,  0.7825 | 0.4445,  0.4135,  0.5820,  0.7230,  0.7825 | 0.6330,  0.4160,  0.6280,  0.7140,  0.8110
mean: 0.603                                | mean: 0.589                                | mean: 0.64

=========================================================
=== Episodic+PT | 2-ways(aftr 2nd task 5-ways), 20K_iter
=========================================================
S:5                                        | S:12                                       | S:39                                       | S:50                                       | S:99
mem: Fixed 200 samples
0.9370,  0.0000,  0.0000,  0.0000,  0.0000 | 0.9580,  0.0000,  0.0000,  0.0000,  0.0000 | 0.9470,  0.0000,  0.0000,  0.0000,  0.0000 
0.6070,  0.6880,  0.0000,  0.0000,  0.0000 | 0.6185,  0.7495,  0.0000,  0.0000,  0.0000 | 0.5995,  0.7270,  0.0000,  0.0000,  0.0000
0.6045,  0.1185,  0.8235,  0.0000,  0.0000 | 0.5440,  0.1270,  0.7760,  0.0000,  0.0000 | 0.5435,  0.2005,  0.7975,  0.0000,  0.0000 
0.5360,  0.0715,  0.1970,  0.9245,  0.0000 | 0.4320,  0.0630,  0.2480,  0.9305,  0.0000 | 0.4915,  0.1545,  0.2120,  0.8965,  0.0000
0.1835,  0.1550,  0.2450,  0.5985,  0.8880 | 0.0975,  0.1285,  0.3335,  0.6385,  0.9015 | 0.1060,  0.1640,  0.2965,  0.6065,  0.9075
mean: 0.414                                | mean: 0.42                                 | mean: 0.416

mem: Fixed 500 samples
0.9515,  0.0000,  0.0000,  0.0000,  0.0000 | 0.9535,  0.0000,  0.0000,  0.0000,  0.0000 | 0.9275,  0.0000,  0.0000,  0.0000,  0.0000
0.7780,  0.6310,  0.0000,  0.0000,  0.0000 | 0.6715,  0.7605,  0.0000,  0.0000,  0.0000 | 0.8455,  0.7045,  0.0000,  0.0000,  0.0000 
0.6865,  0.3245,  0.7610,  0.0000,  0.0000 | 0.7055,  0.4155,  0.5980,  0.0000,  0.0000 | 0.7240,  0.4220,  0.6710,  0.0000,  0.0000
0.6250,  0.2270,  0.5740,  0.6130,  0.0000 | 0.6355,  0.2510,  0.4285,  0.7755,  0.0000 | 0.7030,  0.2355,  0.4885,  0.7940,  0.0000 
0.3775,  0.2535,  0.4440,  0.6650,  0.7705 | 0.3705,  0.2100,  0.4085,  0.7140,  0.8340 | 0.3485,  0.2330,  0.4135,  0.7280,  0.8350 
mean: 0.502                                | mean: 0.507                                | mean: 0.512

mem: Fixed 1000 samples
0.9335,  0.0000,  0.0000,  0.0000,  0.0000 | 0.9555,  0.0000,  0.0000,  0.0000,  0.0000 | 0.9435,  0.0000,  0.0000,  0.0000,  0.0000
0.7280,  0.7340,  0.0000,  0.0000,  0.0000 | 0.7710,  0.7015,  0.0000,  0.0000,  0.0000 | 0.7700,  0.7535,  0.0000,  0.0000,  0.0000
0.7285,  0.5140,  0.5970,  0.0000,  0.0000 | 0.6960,  0.6250,  0.5235,  0.0000,  0.0000 | 0.7250,  0.4760,  0.7115,  0.0000,  0.0000
0.7585,  0.3940,  0.6375,  0.5440,  0.0000 | 0.7105,  0.3865,  0.6270,  0.6275,  0.0000 | 0.7555,  0.3420,  0.7000,  0.6260,  0.0000
0.5910,  0.3230,  0.6235,  0.6890,  0.7170 | 0.4735,  0.3455,  0.5515,  0.7235,  0.6200 | 0.4610,  0.3485,  0.6310,  0.6950,  0.7745
mean: 0.589                                | mean: 0.543                                | mean: 0.582

mem: Fixed 2000 samples
0.9570,  0.0000,  0.0000,  0.0000,  0.0000 | 0.9475,  0.0000,  0.0000,  0.0000,  0.0000 | 0.9340,  0.0000,  0.0000,  0.0000,  0.0000
0.8155,  0.7010,  0.0000,  0.0000,  0.0000 | 0.8005,  0.7140,  0.0000,  0.0000,  0.0000 | 0.8900,  0.6535,  0.0000,  0.0000,  0.0000
0.8085,  0.5055,  0.6295,  0.0000,  0.0000 | 0.8020,  0.5775,  0.5890,  0.0000,  0.0000 | 0.8565,  0.5610,  0.6110,  0.0000,  0.0000 
0.8020,  0.4725,  0.6475,  0.5585,  0.0000 | 0.7460,  0.3700,  0.6470,  0.6365,  0.0000 | 0.8875,  0.4945,  0.5740,  0.5845,  0.0000
0.6870,  0.5165,  0.5715,  0.6395,  0.6500 | 0.6435,  0.4055,  0.6220,  0.7035,  0.6420 | 0.6955,  0.5045,  0.5795,  0.6950,  0.6610 
mean: 0.613                                | mean: 0.603                                | mean: 0.627

=========================================================
=== Episodic+Reptile | 2-ways(aftr 2nd task 5-ways), 5_step, 5k_iter
=========================================================
S:5                                        | S:12                                       | S:39                                       | S:50                                       | S:99
mem: Fixed 200 samples (3_step)
0.9635,  0.0000,  0.0000,  0.0000,  0.0000 | 0.9250,  0.0000,  0.0000,  0.0000,  0.0000 | 0.9480,  0.0000,  0.0000,  0.0000,  0.0000
0.5160,  0.7795,  0.0000,  0.0000,  0.0000 | 0.6230,  0.8015,  0.0000,  0.0000,  0.0000 | 0.6570,  0.7715,  0.0000,  0.0000,  0.0000
0.4795,  0.1485,  0.8585,  0.0000,  0.0000 | 0.5135,  0.0875,  0.8430,  0.0000,  0.0000 | 0.5200,  0.1565,  0.7990,  0.0000,  0.0000
0.5450,  0.0785,  0.1980,  0.9140,  0.0000 | 0.4740,  0.0745,  0.3265,  0.9325,  0.0000 | 0.3930,  0.1280,  0.2030,  0.9125,  0.0000
0.0965,  0.1690,  0.3785,  0.6625,  0.9085 | 0.1095,  0.1305,  0.2795,  0.5735,  0.9155 | 0.1165,  0.1370,  0.3170,  0.7270,  0.8985 
mean: 0.443                                | mean: 0.402                                | mean: 0.439

mem: Fixed 500 samples
0.9635,  0.0000,  0.0000,  0.0000,  0.0000 | 0.9585,  0.0000,  0.0000,  0.0000,  0.0000 | 0.9605,  0.0000,  0.0000,  0.0000,  0.0000
0.7130,  0.8130,  0.0000,  0.0000,  0.0000 | 0.6765,  0.7545,  0.0000,  0.0000,  0.0000 | 0.7810,  0.8180,  0.0000,  0.0000,  0.0000
0.5980,  0.1435,  0.7980,  0.0000,  0.0000 | 0.6350,  0.2755,  0.8535,  0.0000,  0.0000 | 0.5640,  0.1465,  0.8985,  0.0000,  0.0000
0.6520,  0.1380,  0.3510,  0.9320,  0.0000 | 0.5670,  0.1320,  0.3425,  0.8955,  0.0000 | 0.5540,  0.1200,  0.4480,  0.9055,  0.0000 
0.1925,  0.2110,  0.4575,  0.7770,  0.9065 | 0.1955,  0.1280,  0.5000,  0.7220,  0.9095 | 0.2590,  0.1520,  0.5360,  0.6930,  0.9295
mean: 0.509                                | mean: 0.491                                | mean: 0.514

mem: Fixed 1000 samples
0.9605,  0.0000,  0.0000,  0.0000,  0.0000 | 0.9660,  0.0000,  0.0000,  0.0000,  0.0000 | 0.9325,  0.0000,  0.0000,  0.0000,  0.0000
0.7105,  0.6795,  0.0000,  0.0000,  0.0000 | 0.6925,  0.6665,  0.0000,  0.0000,  0.0000 | 0.8065,  0.7955,  0.0000,  0.0000,  0.0000
0.7295,  0.3155,  0.8795,  0.0000,  0.0000 | 0.7200,  0.4430,  0.7965,  0.0000,  0.0000 | 0.7330,  0.3370,  0.8490,  0.0000,  0.0000 
0.7120,  0.2370,  0.5085,  0.9055,  0.0000 | 0.5890,  0.3460,  0.3910,  0.7785,  0.0000 | 0.7740,  0.2975,  0.4865,  0.8785,  0.0000
0.4430,  0.3390,  0.4965,  0.7105,  0.9230 | 0.4120,  0.3465,  0.5900,  0.7315,  0.8705 | 0.3925,  0.2790,  0.5350,  0.7890,  0.8905
mean: 0.582                                | mean: 0.59                                 | mean: 0.577

mem: Fixed 2000 samples
0.9270,  0.0000,  0.0000,  0.0000,  0.0000 | 0.9510,  0.0000,  0.0000,  0.0000,  0.0000 | 0.9530,  0.0000,  0.0000,  0.0000,  0.0000 
0.8485,  0.7990,  0.0000,  0.0000,  0.0000 | 0.8430,  0.7635,  0.0000,  0.0000,  0.0000 | 0.8665,  0.5970,  0.0000,  0.0000,  0.0000 
0.7845,  0.4860,  0.8230,  0.0000,  0.0000 | 0.7330,  0.4485,  0.8170,  0.0000,  0.0000 | 0.7660,  0.5210,  0.7265,  0.0000,  0.0000
0.7775,  0.4050,  0.5695,  0.8530,  0.0000 | 0.7105,  0.2620,  0.5365,  0.8410,  0.0000 | 0.7860,  0.4170,  0.6765,  0.8025,  0.0000 
0.5795,  0.4270,  0.5845,  0.8110,  0.8935 | 0.5210,  0.4355,  0.6040,  0.7830,  0.9095 | 0.6385,  0.3070,  0.6150,  0.8210,  0.8230 
mean: 0.659                                | mean: 0.651                                | mean: 0.641
